-0.367138

-0.365307

-0.368969

-0.357067

-0.338755

-0.360729

-0.338755

-0.331431

-0.333262

-0.324107

-0.327769

-0.311289

-0.353404

-0.338755

-0.342418

-0.335093

-0.335093

-0.327769

-0.338755

-0.346080

-0.353404

-0.348827

-0.348827

-0.365307

-0.361644

-0.378124

-8.036744

-8.160344

-8.036744

-8.073366

-7.930540

-7.838984

-7.709891

-7.373882

-6.959136

-6.821802

-6.262398

-5.881527

-5.770745

-5.315714

-4.796594

-4.255501

-3.989074

-3.609119

-3.135777

-2.730186

-2.244942

-1.760613

-1.370586

-1.049226

-0.575884

-0.220649

-0.010071

0.255440

0.482498

0.659200

0.662862

0.693991

0.697653

0.690329

0.679342

0.703146

0.662862

0.631733

0.493484

0.464187

0.010071

-0.288400

-0.601520

-0.851466

-1.398053

-1.697439

-2.007813

-2.652364

-3.014008

-3.295999

-3.934141

-4.158452

-4.672079

-5.116123

-5.375225

-6.072878

-6.255989

-6.453749

-6.774194

-7.022309

-7.192602

-7.386700

-7.481918

-7.616504

-7.689749

-7.695242

-7.596362

-7.551500

-7.420576

-7.188940

-6.967376

-6.683554

-6.365856

-6.156194

-5.870540

-5.622425

-5.163732

-4.781945

-4.173101

-3.796808

-3.475448

-2.891324

-2.434462

-2.071902

-1.478622

-1.271706

-0.988800

-0.574053

-0.192267

0.019227

0.286569

0.490738

0.659200

0.670186

0.710471

0.692160

0.686666

0.712302

0.703146

0.670186

0.609760

0.489822

0.235298

0.011902

-0.328684

-0.619831

-0.880764

-1.421857

-1.747795

-2.067324

-2.574541

-3.024079

-3.506577

-3.992737

-4.209723

-4.759972

-5.084994

-5.476852

-5.920896

-6.288034

-6.481216

-6.871242

-7.058016

-7.266762

-7.454451

-7.590869

-7.703482

-7.771233

-7.749260

-7.664113

-7.605518

-7.484664

-7.290567

-7.097385

-6.787927

-6.495865

-6.259651

-5.929136

-5.425581

-5.185705

-4.853359

-4.185919

-3.833430

-3.426008

-2.870266

-2.409742

-2.089297

-1.452986

-1.252480

-0.977813

-0.522782

-0.157476

0.075991

0.314035

0.525529

0.639058

0.672018

0.695822

0.693991

0.693991

0.703146

0.699484

0.666524

0.593280

0.427564

0.449538

-0.057680

-0.387280

-0.656453

-1.007111

-1.398968

-1.705679

-2.316355

-2.671590

-3.236488

-3.621937

-3.962523

-4.261910

-4.885403

-5.124363

-5.618763

-5.975829

-6.266060

-6.676229

-6.950896

-7.121189

-7.340007

-7.515793

-7.641224

-7.750175

-7.832575

-7.832575

-7.724540

-7.607349

-7.441633

-7.239296

-7.101047

-6.762291

-6.487625

-6.177252

-5.713065

-5.396283

